0
-0.0337034797292672
-0.0694028299273125
-0.102687481217744
-0.133648519778772
-0.162373834224729
-0.188949688473425
-0.213458784099412
-0.235982543995026
-0.256599012325482
-0.275385050024094
-0.292414318704242
-0.307759147998015
-0.321488822486434
-0.333671829496823
-0.344373097351406
-0.353656540472718
-0.361583238948186
-0.368213045733626
-0.373602809908216
-0.37780830341593
-0.380882495702387
-0.382877100877904
-0.383841254473304
-0.383822763467564
-0.382867077882307
-0.381018300344679
-0.378318303666179
-0.374807669962338
-0.370524973252429
-0.365507356818845
-0.359790324787151
-0.353407921234628
-0.346392660459822
-0.33877574689902
-0.330586887900707
-0.321854619792038
-0.31260637040521
-0.302868005287732
-0.292664559875059
-0.282020052156825
-0.270957035214815
-0.259497666146642
-0.247662716121614
-0.235472271898001
-0.222945499045158
-0.210100836768686
-0.196955849751769
-0.183527491324623
-0.169832027050787
-0.155885137593459
-0.141701676456018
-0.127296169453511
-0.112682510762213
-0.0978740082193923
-0.0828836277222055
-0.0677240249951891
-0.0524070330538716
-0.0369443908932265
-0.0213475045155842
-0.00562739030845621
0.0102052957811055
0.0261401485493346
0.0421669636710058
0.0582757871765426
0.0744569957126017
0.0907006527337482
0.106997814452251
0.123339061933903
0.139715176971899
0.156117247459568
0.172536152607805
0.188963130401296
0.205389252762153
0.221805579679413
0.238203288437508
0.254573588281977
0.270907381360462
0.287195699842182
0.303429470421491
0.319599633956459
0.335696572506635
0.351710951328789
0.367633298737729
0.383453494696617
0.39916163711695
0.414747574835532
0.430200722747964
0.445510302224077
0.460665281528472
0.475654422940487
0.490466039900291
0.50508814233554
0.519508544598053
0.533714373665379
0.547692943296935
0.561430518467601
0.574913771999302
0.588128299379011
0.601059820883388
0.613693318353091
0.626013872731835
0.638005682042617
0.649653318144505
0.66094043047963
0.671850999698901
0.682368323821437
0.692476092730244
0.702157295337183
0.711395781567453
0.72017450748473
0.728477497189591
0.736288367764687
0.743591698649612
0.750371896753179
0.756614784352332
0.762305957422691
0.767432872491462
0.771982896463027
0.775945541326781
0.779310376456897
0.782069380055062
0.784214843551284
0.785741479402653
0.78664499615155
0.786921842468617
0.786572566958407
0.785595765514478
0.783994816273351
0.781773288102052
0.778935893387561
0.775489800268782
0.771442443166121
0.766803694285415
0.761583483560202
0.755793902468319
0.749447018948582
0.742556616970962
0.735136413609323
0.727201414443217
0.71876651848587
0.709847653776302
0.700460240631371
0.690620676494836
0.680344746276995
0.669648847699653
0.658548622891801
0.647060357433214
0.635199395862091
0.622981410795804
0.610421344766688
0.597534257863494
0.584334420936521
0.570836064673371
0.557052709198194
0.542997886832458
0.528684418131239
0.514124919183449
0.499331193610021
0.484315274842845
0.469088080470062
0.453660908893744
0.438044004227836
0.422247606765885
0.406281592528121
0.390155391613665
0.373878011611588
0.357458387864937
0.340904990059574
0.324226191295253
0.307429679119551
0.290523473582597
0.273514977205051
0.256411347332741
0.239219708738422
0.221946995275257
0.20459969856772
0.187184417446719
0.169707638191195
0.152175457117232
0.134593935908966
0.116969371156451
0.0993073795150868
0.081613868700151
0.0638946274020906
0.0461553182927818
0.0284016403281289
0.0106391719116635
-0.00712643847448359
-0.0248896371326336
-0.0426447783987643
-0.0603862943245772
-0.0781084634976038
-0.0958056734482247
-0.113472094373642
-0.131101972437719
-0.148689368330711
-0.166228325787206
-0.18371270008748
-0.201136387665295
-0.218492842604207
-0.235775735963617
-0.252978341799766
-0.270093815842779
-0.287115107080008
-0.304035032152941
-0.320846150254157
-0.337540617634823
-0.354110836751393
-0.370548156054137
-0.386844419158329
-0.402990670543615
-0.418977834503063
-0.43479672037839
-0.450437230821577
-0.465889321235688
-0.481142787565949
-0.496186456606435
-0.511009170242092
-0.525599176996175
-0.539944767658271
-0.554033068687808
-0.56785156062704
-0.581386627855112
-0.594624837377011
-0.607551869170046
-0.620153690041905
-0.632414973788881
-0.644321011169604
-0.65585601151106
-0.667004556858092
-0.677750476155575
-0.688077990900178
-0.697970622976267
-0.707412539147543
-0.716387242508592
-0.724879149550111
-0.732872177934402
-0.740351357817057
-0.7473013668878
-0.753708306631963
-0.759558075711864
-0.764838378264139
-0.769536793762872
-0.773643070236787
-0.777146969936967
-0.780040608580931
-0.782316441331223
-0.783969283430033
-0.784994968130645
-0.7853901817526
-0.785076019859661
-0.784130503700105
-0.782557463218568
-0.780360863096624
-0.777545634988655
-0.774119204889059
-0.770089241254141
-0.765465825109308
-0.760259059892329
-0.754481330634331
-0.748144733562626
-0.741263318535322
-0.733850867446981
-0.725922672088718
-0.717493597589025
-0.708579774866918
-0.699196669461722
-0.689360842132877
-0.679088091388891
-0.668394883231449
-0.657297022096224
-0.645810753378337
-0.633951530552245
-0.621734885462639
-0.609176197222926
-0.596290182122388
-0.583091271478005
-0.569593657075005
-0.555811205702256
-0.541757155078685
-0.527444259207944
-0.512885341324081
-0.498092170454501
-0.483076866011696
-0.467850340851366
-0.452423800645957
-0.436807491562057
-0.421011735333553
-0.405046415174541
-0.388920994884416
-0.372644419918813
-0.356225699778164
-0.339673154091529
-0.322995466715818
-0.306200014878328
-0.289294972893638
-0.272287696047033
-0.255185385417177
-0.237995147133269
-0.220723833046142
-0.203378223922712
-0.185964663698581
-0.168489753519105
-0.150959441122643
-0.133380105726665
-0.11575772365043
-0.0980980873866004
-0.0804070747537114
-0.0626904975758307
-0.0449540109575465
-0.027203311358057
-0.00944401406339003
0.00831825154991077
0.0260779147268097
0.0438293220905569
0.0615668810304606
0.0792849003937952
0.0969777203841314
0.114639517496018
0.132264506021123
0.149846742647431
0.167380309849913
0.184859034649942
0.202276637301359
0.219626755639163
0.236903111825955
0.254098766113784
0.271206898685014
0.2882204545097
0.305132198888259
0.3219347888773
0.338620350930829
0.355181042416253
0.371608618149261
0.387894482820905
0.404029867082809
0.420005667073823
0.435812557562853
0.451440491116853
0.466879504377166
0.48211910846299
0.497148225931086
0.511955855818437
0.5265300913313
0.540858976016698
0.554929972110891
0.568730201290428
0.582246293189088
0.595464626831677
0.608371048331394
0.620951125067734
0.633189889854847
0.645072382905862
0.656582914878679
0.667706020806774
0.678425495126023
0.688725549113373
0.698589732009776
0.708002166075799
0.716946403078751
0.725406856954914
0.733367401518511
0.740813297305728
0.747728959122713
0.754100734940491
0.759914518427808
0.765158057975747
0.769819041122548
0.773887179091969
0.777352416831201
0.780206924519888
0.782443211604397
0.784056237836022
0.785041946823054
0.785396984385789
0.785122098636925
0.784216042003771
0.782682384796557
0.780524856743014
0.777748337061219
0.774360141239835
0.77036788823675
0.765781537802151
0.760611188678288
0.754869044136146
0.748567231603866
0.741719755435887
0.734340333747957
0.726444192977874
0.71804620355307
0.709162477507326
0.699808499101836
0.690000654127778
0.679755064182601
0.669087871386373
0.658015013618082
0.646552755427637
0.634716607159324
0.622522127090047
0.609984501836024
0.597118725323124
0.583939069000479
0.570459971126342
0.556695059914694
0.542657772833076
0.528360771000345
0.513817060264453
0.499038328571025
0.484036689348921
0.468823092795318
0.453408878656684
0.437804238507061
0.422019533960345
0.406064699222994
0.389948986140835
0.373681662346719
0.357271624866658
0.340727416428508
0.324057154494238
0.307269005563874
0.290370735732298
0.27336964061038
0.256273096109748
0.239088216668988
0.221821784355736
0.204480620203829
0.187071221274567
0.169599905476397
0.152072912645189
0.134496623022494
0.116876616827538
0.0992191578443418
0.0815299523932256
0.0638148392276313
0.0460794220309804
0.0283294464589421
0.0105704989251467
-0.00719176215958647
-0.0249517753943846
-0.0427038910500991
-0.0604425124872304
-0.0781619426756945
-0.09585653267101
-0.113520475073961
-0.131147990089494
-0.148733148259904
-0.166269942447961
-0.183752392281127
-0.201174002041073
-0.218528733093068
-0.235809879517915
-0.253010764537721
-0.270124641196487
-0.287144448192917
-0.30406301672082
-0.320872749038225
-0.337565939523644
-0.35413479546317
-0.370571011861679
-0.386866094246403
-0.403011277518677
-0.418997628444906
-0.434815376622744
-0.450455078997843
-0.465906353917101
-0.481158845658981
-0.496201736890829
-0.511023729939949
-0.525613168699977
-0.539958008738154
-0.554045664039272
-0.567863469596939
-0.581398005564004
-0.594635654204155
-0.607562239900321
-0.620163483377135
-0.632424257088874
-0.644329782451732
-0.655864446380866
-0.667012566474934
-0.677758056271546
-0.688085235832608
-0.697977513791025
-0.707419087895924
-0.716393483685577
-0.724885094613311
-0.732877829552046
-0.740356736435584
-0.747306456539505
-0.753713172492085
-0.759562692602715
-0.764842805417741
-0.769540969812151
-0.773647053485652
-0.777150756043391
-0.780044215062386
-0.782319878607676
-0.783972560653288
-0.78499809725847
-0.785393171125667
