1.5707963267949
1.51890778156458
1.44098176426419
1.36540548819798
1.29210170412234
1.22099343995763
1.15199219683841
1.08503226056692
1.02003662201672
0.95694645271787
0.895692082082024
0.836200398578664
0.778418080123416
0.722290778829644
0.667762908722623
0.61478157747855
0.563296447604817
0.513259524075521
0.464625306984837
0.417350471115595
0.371394067546685
0.32671717786623
0.283283152140896
0.241057236611666
0.200006852934424
0.160101198522779
0.121311557289405
0.0836108791645112
0.0469741201092664
0.0113777990205802
-0.0231996370232539
-0.0567782733141254
-0.089376346509719
-0.121010710649892
-0.151696462640843
-0.181447402626508
-0.210275673192603
-0.23819219877381
-0.265206370900231
-0.291326444604069
-0.316559296387055
-0.340910737225915
-0.364385407413882
-0.386986937029371
-0.408718066663689
-0.429580561183067
-0.449575615722833
-0.468703531830635
-0.486964392639868
-0.504357458045811
-0.520882200544284
-0.53653732142361
-0.551322234162393
-0.565235586733563
-0.57827733538685
-0.590446579524963
-0.601744416942658
-0.61217086442525
-0.621728860165431
-0.630419597590783
-0.638248612151075
-0.645218006128992
-0.651339396326583
-0.656613009684639
-0.661045746414085
-0.664656072052242
-0.667448578754691
-0.66943808821239
-0.670635946257517
-0.671058037848784
-0.670718640785558
-0.669635149525006
-0.667824065292606
-0.665304151106405
-0.66209356550851
-0.658212089736664
-0.653679056235442
-0.648514875739914
-0.642739566407911
-0.636373778331761
-0.629437797224017
-0.621952162253418
-0.613937052251435
-0.605412592429556
-0.596398558820442
-0.586914425594756
-0.576979320771303
-0.566611898577165
-0.555830473002153
-0.544652758718255
-0.533096138521953
-0.521177322299588
-0.508912697457359
-0.49631794124633
-0.483408424808767
-0.470198798424497
-0.456703422584291
-0.44293595206708
-0.428909768497199
-0.41463757508668
-0.400131823138596
-0.3854043257739
-0.370466662145941
-0.355329820205854
-0.34000457321848
-0.324501152758792
-0.308829597806229
-0.292999456145218
-0.277020099922317
-0.260900463720017
-0.244649326511727
-0.228275077872963
-0.211785971485113
-0.195189920299327
-0.178494719624117
-0.161707871599826
-0.144836776145258
-0.127888587526305
-0.110870372816305
-0.0937889985704153
-0.0766512592294983
-0.0594637917088406
-0.0422331752111095
-0.024965873612879
-0.00766830615538903
0.00965317962488794
0.026992270058451
0.0443426798040807
0.0616981465934714
0.0790523933876839
0.0963991553840933
0.113732110254683
0.131044936219404
0.148331212191925
0.165584504114896
0.18279823651155
0.199965807425404
0.217080430824839
0.234135280488327
0.251123301850506
0.26803738596468
0.28487014981454
0.301614140558252
0.318261587178646
0.334804631283459
0.351235049306815
0.367544515824613
0.38372429221862
0.399765522406222
0.415658889570128
0.431394943692967
0.44696372837216
0.46235514073853
0.477558529615354
0.492563080195197
0.507357399796823
0.521929917039325
0.536268456942306
0.550360657255636
0.564193543190288
0.577753941468739
0.591028086511328
0.604002007507397
0.616661178662379
0.628990867772653
0.640975876225801
0.652600795567462
0.663849879873193
0.674707172443047
0.685156576144873
0.695181782932917
0.704766589599408
0.71389459882418
0.722549825012632
0.730716101236422
0.738378056795967
0.745520133052377
0.752128021166428
0.758187196030053
0.763684918302038
0.768608081869174
0.772946156396552
0.7766877982707
0.779825112939686
0.7823488884257
0.784254652864592
0.785534888282354
0.786191451428199
0.786217710809668
0.785608508483695
0.784376740521826
0.782518312115739
0.780040484084417
0.776947232785604
0.773247509906859
0.768948794121174
0.764062081639917
0.758597585291271
0.752568125879169
0.745986159651275
0.738865944662568
0.731221549575611
0.723068321096835
0.714421417460581
0.705296834003372
0.695710379050442
0.685678299170673
0.675216653347273
0.664341619659795
0.653069170970721
0.641415148027039
0.629395185991133
0.617024581049863
0.60431842979394
0.591291352177909
0.577957768869144
0.564331530044692
0.550426298680347
0.536255120493237
0.521830842480151
0.507165698054685
0.492271716095733
0.477160313685476
0.46184272707131
0.446329598420654
0.430631395472395
0.414758028248579
0.398719247333152
0.382524281100482
0.366182215724905
0.349701660300451
0.333091094563738
0.316358566493821
0.29951201056679
0.282558975840227
0.265506912136169
0.248362931042278
0.231134057128772
0.213827023714565
0.196448489820919
0.17900486723887
0.161502507621348
0.143947557135414
0.126346114424197
0.108704113070469
0.0910274524042158
0.0733219083829088
0.0555932317459948
0.0378470908294516
0.0200891385439473
0.00232498574870872
-0.015527186710343
-0.033370777981526
-0.051199711355816
-0.06900846653691
-0.0867915052243873
-0.104543201870837
-0.122257904888327
-0.139929833049855
-0.1575531689956
-0.175121927208078
-0.192630071678751
-0.210071358882295
-0.227439483660957
-0.244727889740642
-0.26192994472011
-0.279038723898811
-0.296047212690766
-0.312948058650549
-0.329733805633715
-0.346396614752075
-0.362928529546574
-0.379321160984727
-0.395565989610585
-0.411654019027646
-0.42757610701082
-0.443322591554655
-0.458883648451582
-0.474248893631354
-0.489407768924079
-0.504349124034552
-0.519061618509147
-0.533533302311633
-0.547752023001522
-0.561705010295574
-0.5753792861358
-0.588761266623444
-0.601837158968077
-0.614592607424029
-0.627013049706863
-0.639083442258206
-0.650788530564852
-0.662112722250407
-0.673040195274338
-0.68355501933588
-0.693641004941108
-0.703282098807644
-0.712462041908822
-0.721164992682586
-0.729374916395436
-0.737076600723551
-0.744254614551177
-0.750894821154804
-0.756982839556411
-0.762506051042719
-0.767451612049459
-0.771808978836344
-0.775567108003304
-0.778718236021233
-0.781253319439822
-0.78316806665341
-0.784455142643638
-0.78511693891861
-0.785145159951388
-0.78453806659414
-0.783306149564684
-0.781446303710828
-0.778965916025881
-0.775869124572307
-0.772164955413533
-0.767861084058241
-0.762968586302985
-0.757497855989305
-0.751461772800047
-0.744872905135274
-0.737745617367816
-0.730094022459722
-0.721933562524447
-0.713279465975497
-0.704147773036024
-0.694554339190424
-0.684515448762389
-0.674047198122651
-0.663165788465043
-0.651887219308527
-0.64022734346573
-0.628201810322478
-0.61582592584884
-0.60311479727592
-0.590083033386852
-0.576745068394489
-0.563114752202003
-0.549205739038839
-0.535031070250106
-0.520603590349063
-0.505935521425653
-0.49103889013417
-0.475925107743318
-0.460605400475413
-0.445090403705563
-0.429390578983934
-0.413515828910351
-0.397475898115899
-0.381280008329909
-0.364937239571233
-0.348456195330982
-0.331845349848825
-0.315112747965188
-0.298266317339455
-0.281313605183177
-0.264262057044122
-0.247118782154537
-0.229890803307256
-0.21258485140203
-0.195207585474175
-0.177765416347837
-0.160264695627642
-0.142711569937503
-0.125112138132946
-0.107472336225716
-0.0897980657051938
-0.0720951046056829
-0.0543692072709145
-0.0366260451237127
-0.0188712757623528
-0.00111051522172147
0.0166506255643886
0.0344065370330964
0.0521516055263549
0.069880177782607
0.0875865877501446
0.105265088710263
0.122909911705605
0.140515166683743
0.15807493009636
0.175583116834649
0.193033596193849
0.210420035334352
0.22773604313591
0.244974982515488
0.26213014564015
0.279194535928334
0.296161071132969
0.313022335485192
0.329770812999344
0.346398609866156
0.362897716266517
0.379259696390588
0.395475985384973
0.411537547291175
0.427435201288313
0.443159249406352
0.458699837148725
0.474046552597756
0.489188809583907
0.504115436391401
0.518815072317752
0.533275746854677
0.547485292146115
0.561430922021411
0.575099645926795
0.588477868727839
0.601551785309819
0.614307031234882
0.626729029305658
0.638802726369716
0.650512854617003
0.661843808002611
0.672779758938116
0.683304737937968
0.693402552530228
0.703057124233927
0.712252157563633
0.720971780087383
0.729199933391859
0.736921336648214
0.744120527126581
0.750783291654354
0.756895193002763
0.762443589374152
0.767415438717763
0.771800263398204
0.775586820550835
0.77876731025495
0.781332555610054
0.783278142311018
0.784596679632647
0.785290038152132
0.785351646025287
0.78477631584848
0.783577161449803
0.781750068066834
0.779302366397259
0.776238059045915
0.772566161385692
0.768294200142929
0.763433119872001
0.757993279428496
0.751987552698461
0.745428324029823
0.738329989495855
0.730706611931506
0.72257357122827
0.713946067279883
0.70484012222788
0.695271573948914
0.685256700949591
0.674811585544385
0.663952433461756
0.652695251298963
0.641055888443951
0.629050013613575
0.616692942913529
0.603999793010275
0.590985207758132
0.57766362584836
0.564048924067944
0.550154774006433
0.535994242446248
0.521580195841661
0.506924877238721
0.492040336683695
0.476938007570556
0.46162913806399
0.4461243841013
0.430434227775364
0.414568590921336
0.398537237074545
0.382349408025571
0.36601419981741
0.349540232405316
0.332935996048806
0.316209549989809
0.299368836779427
0.28242141605532
0.265374746524235
0.248235947440459
0.231012052832905
0.213709803322596
0.196335866058802
0.178896659879576
0.161398543077128
0.143847669003421
0.126250142619867
0.108611904491085
0.090938859413994
0.0732367889512331
0.0555114498966321
0.0377685152810847
0.0200136438925889
0.00225245161596194
